보스 hp ll



남은 weight

15분 = 60 * 15 = 900s


    int i, j;
    int charNum, useNum, bossNum;
    ll *dmgHeap, iDmg;
    int curIdx, parentIdx, childIdx;
    BOSS *bossArr;
    int curCase, curMeso; ll curDmg, curTime, totalTime;
    int maxMeso; ll totalMeso;


49 49 13
1 1 1 1 1 1 1 1 1 1 
1 1 1 1 1 1 1 1 1 1
1 1 1 1 1 1 1 1 1 1 
1 1 1 1 1 1 1 1 1 1 
1 1 1 1 1 1 1 1 1
1 1596506
1 1596506
1 1596506
1 1596506
1 1596506
1 1596506
1 1596506
1 1596506
1 1596506
1 1596506
1 1596506
1 1596506
1 1596506

10 1 13
100000000000 
1 1 1 1 1 1 1 1 1
266000000000 1
266000000000 1
266000000000 1
266000000000 1
266000000000 1
266000000000 1
266000000000 1
266000000000 1
266000000000 1
266000000000 1
266000000000 1
266000000000 1
266000000000 1

