                    1
                0       1
            1       1       0
        1       0       0       1
    1       0       1       0       1
        0       0       0       0
            1       0       1
                1       0
                    1

    1   1   1   1   1   1   1   1   1
    1   1   1   0   1   1   1   1   1
    1   1   1   1   1   1   0   1   1
    1   1   1   0   1   0   1   1   1
    1   1   0   1   1   1   0   1   1
    1   0   1   0   1   0   1   0   1
    1   1   1   1   0   1   1   1   1
    1   1   1   1   1   0   1   1   1
    1   1   1   1   1   1   1   1   1


10 * 10 을 늘려서 수행한다고 할 경우,
경우의 수 : 22,561,587,455,281,875

10*10 짜리 판
-> 19*19

100개
1
2
3
4
5
6
7
8
9
10
9
8
7
6
5
4
3
2
1

9!*9!*10 = 20,579,378,400
그냥 놓기만 했을땐.
근데, 예를 들어 1 에 한칸 놓으면 9칸은 못 놓음
-> 이런식으로 체크하면서 가면 실제 loop 수는 적긴할듯

5가 input 이면
1
2
3
4
5
4
3
2
1

1이면 1